0.0 1.0 0.0
1.0 0.0 1.0
0.0 0.5 1.0
1.0 0.5 0.0
0.5 0.75 0.5
0.3699866326912514 0.011318365073048176 0.629188233157972
0.8761583885672635 0.0015350234448110456 0.0401141459782961
0.8410383122230919 0.9947734540828389 5.9335058240184146e-05
0.9738301186775129 0.4950318982189482 0.7823304166806756
0.0 1.0 1.0
0.016126158199934126 0.4663581341280393 0.23496960229456443
0.0 1.0 0.5
0.5283702803050163 0.35759689198800815 0.9721047767712045
0.4580008067081487 0.2728972054150467 0.007598799228149544
0.0 0.0 1.0
0.5130139881937887 0.854242493461494 0.9882226949868784
0.7328135312566655 0.22992404009067047 0.4780028137766107
0.44659492481313656 0.6620780544542251 0.024947184113914833
0.9896439222465825 0.8171246684446257 0.48997301948982774
0.028435851884453855 0.3019890056284845 0.6057495467907311
0.6025715531021918 0.023661254423018807 0.9849749173067257
0.015230868588798185 0.6457150708139113 0.6216586235762968
0.017669597793492864 0.016503790165404486 0.39957087368490174
1.0 0.0 0.5
0.3810221173014553 0.969098250342612 0.22273426185752876
0.446285914517477 0.43412920414133593 0.5739104221602114
0.7600237418932505 0.5370551321443614 0.360979927271743
0.5265942903735533 0.03691896702434261 0.2330333763094422
0.08813370991396552 0.7671245120667373 0.17838409526935584
0.691067336784858 0.9883318327943239 0.6393034664244419
0.6912078506885163 0.6667086567712726 0.7949139925092518
0.3455900247725967 0.6306323819792382 0.8259143132945954
0.30745133313753936 0.9249343829006347 0.7125250139750009
0.20759499764053557 0.232239802501519 0.8843430380436461
0.991343824917432 0.23604506710851214 0.21619230640110476
0.012992621213630096 0.27765803008782297 0.0009169658738609199
0.7646911346365415 0.7825493377341395 0.19972675898205672
0.9733770019069627 0.22682303901758383 0.7446856599693454
0.24428465942939592 0.22929640956653796 0.3093880403513586
0.7500252234353815 0.363907585669906 0.05962972036371894
0.4421044088812083 0.5237030943525618 0.2817453323840542
0.9845054812545035 0.7125816376493237 0.945375218702979
0.002345201522241158 0.760031270195141 0.9285337319664552
0.7589183926518406 0.0027775239428406984 0.696570138575136
0.5072145691383927 0.21738850780648733 0.7451276118975336
0.035944207692771624 0.03571117303427762 0.6854874141992702
0.8518051718519176 0.9946954133139047 0.3405733044010759
0.2999069838065537 0.076825299869132 0.034929361139410586
0.10926717993698143 0.583850000248334 0.003431260263502489
0.18417205885180798 0.8058097720089443 0.478761125442413
0.9904323995913464 0.7371768782450394 0.0034810800445482792
0.9462538557089892 0.37679987684343497 0.5055738669767289
0.815299159226779 0.3412012221472335 0.9707338591766747
0.3025500823255488 0.048667805023692834 0.9812984125546035
0.1440019165883789 0.47315927445470296 0.7666854374973989
0.7191218027775568 0.4307703829522074 0.6949860154154321
0.1984507004473287 0.5074776323112627 0.45005935268835773
0.4944724681881768 0.15202464740977806 0.4675969299883762
0.8680780040739826 0.857097225908174 0.765064463276445
0.7380249553375131 0.9872540011619084 0.9410271388657652
0.584872236309644 0.9195005647780014 0.02385904881552392
0.9978548300780619 0.6129759173518865 0.3550291881160649
0.8138325787889038 0.056463381675484814 0.3213056825166134
0.6924473262503951 0.15710837310115633 0.06678227845682205
0.565005140570838 0.32647729380470203 0.29800323850733024
0.03183761804593033 0.8700351826993761 0.7150295357071335
0.3228376113296818 0.45240067871683765 0.040458030391424815
0.031897049276013334 0.9725442891148004 0.24240238684686666
0.4411246573722203 0.9719673481624052 0.4735415206115261
0.8109583934302484 0.6735989726247761 0.5590118450726888
0.30913811957275616 0.9974366956705984 0.9930843272080443
0.36126282552558053 0.7174400280386328 0.2568893278713468
0.8178162043863674 0.12357394728821336 0.9341051530321333
0.7408431076195533 0.6002843073586005 0.07127582234113083
0.2741645929367259 0.23957473338056756 0.5673835604241012
0.04485894666239798 0.12435110289214768 0.21414097972089208
0.493777734222142 0.7877209066639755 0.7496307006858154
0.31501124199926833 0.8309829822905931 0.03622960711559564
0.26477611385767486 0.8031260057318933 0.9166953569525618
0.6262850818282272 0.9902825510562244 0.26576190532765975
0.5070860812848623 0.48523941148130645 0.7908361985111084
0.2637633033130625 0.46256263337674 0.9961229406446741
0.5385982707948517 0.6195221179817394 0.9939442658575175
0.8236792881109597 0.5588232342445733 0.994826106280186
0.9827996981446058 0.9798507109849219 0.6236755860518461
0.23015145873675413 0.005771627767966803 0.250699824134463
0.3254188833774526 0.34684941580289874 0.7340133668217805
0.6049500638324748 0.6647653265046901 0.2597559315714605
0.9785699464528606 0.43307547062448226 0.25763515261045433
0.7474856127960797 0.7932784277418982 0.9744878488048156
0.01566054917322246 0.27387170220923596 0.3954290665512502
0.02502355564558334 0.6412560985064251 0.3600300584346149
0.9808873929862223 0.8391177381445204 0.22842071078494963
0.004716753164277554 0.32481687831090755 0.9332052392545775
0.30018660161692745 0.6581195740009854 0.6083374594400286
0.7619589774174431 0.8340997205845015 0.46956293522624004
0.5612062127838444 0.4667186096945486 0.06016334061627071
0.5 0.0 0.0
0.7467460101044319 0.24634179491843344 0.7494262246941912
0.6337185501591223 0.4322720463579346 0.4851955815311777
0.25129852562948074 0.42560450878692924 0.23944824937647613
0.6017725118559134 0.595597049381112 0.5431946668470433
0.1914598565979725 0.0992968457483383 0.4851941188366661
0.5435542071256416 0.03365318292328212 0.7611119424519991
0.9729345371078421 0.020353090974436716 0.7314830544807673
0.9706985171752462 0.18963654894243254 0.4666117538533251
0.6366233326932893 0.20628994564692138 0.9437254585289334
0.5221033901099437 0.9622076709807484 0.805997406533978
0.7809011622830305 0.3436232349237287 0.2900894029703106
0.9703277476279731 0.22870897464920648 0.9998164647349621
0.6742350161842683 0.038062543818261796 0.48000018042558845
0.4392222217940097 0.20288737519729128 0.20003689200676
0.9976913098158856 0.6914324505464288 0.6704268231003229
0.630395156975636 0.7352662628187476 0.0232597725856446
0.15838470479080846 0.6328535214341596 0.9518869366762429
0.2544180383855851 0.5959357522167554 0.15703650166653005
0.222633731012143 0.9957798532862575 0.401370469253566
0.2039575631501247 0.31334052728342343 0.09006228367123226
0.24033030565119673 0.118119389525292 0.726358896069302
0.0028433617840114556 0.4433872467338893 0.4182084129017346
0.5345346849838085 0.8341646389951555 0.3026540200116056
0.9775778387500846 0.13570724212612906 0.009375771022925417
0.15087015336515508 0.9720634440856292 0.8525239864880603
0.6688556533666747 0.4774718170732052 0.9288900226458793
0.4354613367425896 0.1761197421674603 0.9881240753449295
0.02164748389386506 0.14751789772393653 0.8725552523500432
0.1726314568832753 0.7291269308921104 0.7611323461432873
1.0 0.5 1.0
0.6787260870312739 0.17337572002507318 0.29167215661822055
0.2041665965002033 0.9727128784432161 0.10104711408168354
0.844328420505147 0.13695269032778634 0.6231843718570838
0.8654408517010149 0.6218047996385638 0.803964672392381
0.8766440603127073 0.5294043014863902 0.6034740630383962
0.06737626014698173 0.43199479778481 0.03473040358425672
0.4445098596222137 0.007013326440057588 0.415376156990963
0.6657478736618099 0.8361029842691822 0.6555845145185523
0.9960163619329385 0.06493407413802443 0.257716776058042
0.259587971570559 0.6565454213607321 0.40359971918122195
0.42684388749205737 0.36203723244496133 0.16817257565983723
0.06718840334387255 0.8347813807254921 0.008611683305892126
0.02689651183998576 0.5999916164435686 0.8088722549080182
0.9638944398341003 0.33677406979247737 0.0004469664686754804
0.21712527405312232 0.8489256477507213 0.29769322384411057
0.9939903601387649 0.9963401505227303 0.18272047060883068
0.0661299989858557 0.4746977517702755 0.5978493192479027
0.9747771061711179 0.8971790304743015 0.010282637310311982
0.550410882752765 0.2921063523328523 0.5586733866707198
0.8671137160953947 0.3613108920340995 0.7606728394482419
0.1764158705743304 0.9601103680997424 0.5751224949136117
0.9212925153905005 0.6306720867735482 0.15538757714897888
0.35104851953938665 0.3515480366083745 0.3906650600696183
0.01562043223314269 0.8098975924641588 0.3723646599237288
0.6891048412319846 0.012144903693795395 0.003233168653392182
0.24861111287732507 0.6933636681401488 0.00910386164967869
0.1808152507127816 0.014544269726099568 0.8426421553881472
0.26410570293974744 0.4860176204227198 0.6238036649700291
0.033138859218302286 0.3154524020978141 0.2181128156975709
0.3944425777888434 0.5626086780028958 0.4600361979669225
0.5 1.0 1.0
0.4018705981742883 0.9700065929246371 0.019920458866557023
0.8129464292565879 0.846264532407019 0.015600284001553222
0.8538866983307695 0.24390765135790282 0.09298254586496735
0.00022650310918514993 0.1093748004724695 0.5218246648189281
0.009703044544648654 0.6198902509718887 0.17080707862406108
0.4834951573001478 0.6439359594466646 0.6987266143924689
0.45686125427930124 0.4908345049875029 0.988355388953945
0.09334368158914497 0.1382792265408025 4.672093735336169e-05
0.6245448932417319 0.1390009467175477 0.6208366780522658
0.6101103214658182 0.3190539949061989 0.8235385033634103
0.8887394858319403 0.7298809749541361 0.37147635810842095
0.9152035965679957 0.8556703854183976 0.9568305715690264
0.06335615232775726 0.26549273038086074 0.769659079268009
0.3385422382752641 0.6512323768277264 0.9978620196838264
0.033911332094236246 0.7894808482373957 0.5851390309090828
0.6883321612534802 0.4745063754310306 0.19767622039102184
0.16415610014253634 0.3639673369161941 0.4211550184921825
0.4849836253211488 0.8019904675153543 0.1056944029389516
0.9815648706971094 0.3711922188251813 0.9230622908002974
0.5142685005923453 0.9571859255361833 0.6319736678449183
0.29961564371608995 0.7848129681723982 0.6660182218450047
0.6883551173513888 0.709052388087748 0.4073180539687882
0.35691977500456673 0.3159460177570661 0.9501276076811014
0.8459497899222297 0.4708777306148134 0.14508747583777137
1.0 0.5 0.5
0.1448161504503157 0.8949981784908532 0.9957506612336617
0.5243360303499037 0.13956774780317927 0.013656745611086651
0.2473327868961228 0.14480629403429135 0.17235958190452094
0.6721258870025458 0.1183418299197242 0.81659305091691
0.5989730459547697 0.5127364472742062 0.33473878227410614
0.38148333301896686 0.1217239538539191 0.339698165220256
0.3999849810722731 0.11542045146725122 0.8371312688365062
0.8393427060656462 0.9273644407955529 0.17051425974496637
0.8911003527757382 0.990366158815057 0.824853281684313
0.6314856231464221 0.8467310578051277 0.8468674018223111
0.6300431446022291 0.9112668498698987 0.45132460238208394
0.4391505067291237 0.7486393280960314 0.9071992531582251
0.3746922742879861 0.8594920951407325 0.3942857408520628
0.27092319918140095 0.001430419135927563 0.4083423577149595
0.8637802160295469 0.8915204252574481 0.5908857290098987
0.6085389820367728 0.29766574038799454 0.09829985688385967
0.7966657080767557 0.40442636537855603 0.44325510932882484
0.8411956154976871 0.21134599391675046 0.2875368641704704
0.6059815869423807 0.7419546514962976 0.9990839453516248
0.985070357932597 0.947412008184972 0.4098390309694465
0.27717963797538014 0.20988839972490358 0.013494908642491033
0.176209237289643 0.5470206369884476 0.298878760844842
0.39620664654837423 0.007359124529410677 0.13654750621934364
0.8731368649749466 0.1165388244747535 0.15240624387191015
0.5322231578483196 0.005167661879120877 0.5994908628820282
0.31153286445932615 0.493090085256764 0.8180244237549559
0.13197117338365105 0.6817646202921139 0.5100676944567835
0.3833125008470135 0.9120546610997551 0.8737199490751671
0.16804015204212974 0.6787798251613043 0.2705498366739646
0.7754918654453479 0.6475792401696605 0.26744541715091674
0.1940183554621877 0.3627703653517187 0.8920068596355546
0.6904536574515968 0.01000019377010819 0.23147722033207752
0.11055641028293262 0.01442974462222546 0.11798372522602829
0.22424310691914107 0.5890124075755444 0.7268662616495193
0.8703476444785291 0.2751059440696284 0.5845509996263738
0.011135998537910918 0.7022583459533251 0.009846583950112509
0.6830223417781611 0.5607661642450094 0.6826868844570099
0.8251208005660371 0.0017173309145476212 0.5357515800965608
0.02427182920980142 0.1713974452486169 0.659095065980451
0.5711267642436157 0.6109981946971694 0.10953098193256627
0.6719934385724995 0.7076818069404704 0.6269400960097024
0.8221998612975597 0.7373626303990536 0.7353285913313197
0.9968159217154412 0.7973945815967114 0.7842664477754712
0.8140452724695593 0.4668242418865647 0.8518820880195022
0.004464092395647601 0.9067296512175601 0.8828892966994277
0.8490855213628571 0.007732242592289218 0.8449889720264007
0.39186355180004095 0.1773568697650002 0.6502030378583457
0.14654692188680385 0.12910941063040537 0.9935262760838652
0.010478571477577359 0.5667058002458141 0.4993071012677074
0.5281484019187818 0.3737813637005757 0.7036830414770195
0.8564433615901685 0.7317323534095843 0.0803505816978004
0.7110208308587254 0.3298838838144028 0.5929675357187534
0.4696420578892302 0.6541994400088749 0.36514719334222967
0.6833982410631874 0.884985846478346 0.18302862503328754
0.9747111237737778 0.11518174449332641 0.8743869043117833
0.33822232947023534 0.8652128708747834 0.5543216208476158
0.004470946802306308 0.016117728827873212 0.8359594867637586
0.22154965794790504 0.2396540958205291 0.7121525715389387
0.35560230463601206 0.09163993289637984 0.4941926944295777
0.37430165031097773 0.8427871355100343 0.23949386078787938
0.6907114011077188 0.6377887999306351 0.9642416747601572
0.17311881937773854 0.21744896925603974 0.4492726019387625
0.148862368280812 0.4925458538214985 0.15188777857380575
0.1828016429416841 0.3519675876683237 0.582151995383824
0.20746860444571813 0.9725722988352349 0.24919601121623047
0.46686253721423365 0.23808942410192913 0.349600781651378
0.9710532463934226 0.3013220996077465 0.3651368643283437
0.059275308457912956 0.13667690213260508 0.3767535576718255
0.7422655080994682 0.5282584235876642 0.5221628467074205
0.4108759732388888 0.546934630622252 0.6482488576057295
0.0258452370114014 0.3905521393382724 0.7875870433881101
0.09921051516630985 0.9163628646199371 0.43568939593898126
0.12661788765863558 0.8806910594003914 0.15336248064517755
0.34695869852148997 0.0007811488763399543 0.8251342195606212
0.839991383963411 0.6828482804741283 0.9977542228709768
0.8801454335935084 0.48344797411647566 0.3704180014367656
0.8363458915732506 0.8615666347454253 0.3249549760573657
0.805496175854932 0.9931676719837274 0.49660728597225867
0.47667114723931225 0.45244762820403384 0.4131218096515752
0.5195593961995826 0.6463933505279846 0.8452470343616708
0.030599511074655528 0.9833711289864736 0.6628195725278416
0.8642990050543788 0.26299881611566733 0.8649122578707018
0.5945088073690008 0.06538325132384959 0.10139124257585119
0.4655651010038683 0.0017165418562415935 0.9304048369337365
0.3566226166099489 0.3366529261157982 0.5342032806292614
0.5700628963290896 0.48295731987335666 0.6332841613773189
0.8395410731769762 0.15133464330540836 0.4413429756543582
0.40692122674170117 0.6297249012273198 0.16151358111113945
0.5005499826436406 0.8605234542854704 0.5577706665788471
0.3561270608623497 0.2370175138842593 0.8090624412723445
0.13880673991696824 0.5140672865516994 0.9049521977273288
0.7406122194075866 0.9271888813866923 0.7721580055201469
0.8711348495033302 0.5635289828885571 0.02568479759957254
0.011265792697771393 0.7463551653455995 0.7845557915509921
0.17551232544615003 0.0586100569886604 0.6112473964734866
0.7658540738421715 0.010152251872064033 0.987426079778515
0.8809155022071715 0.5959092520711976 0.4531495235111078
0.3587772129760428 0.7504757745249788 0.44838897515571696
0.4168737605056324 0.4168120182585584 0.8701354131454373
0.9612537610764906 0.41518371828819034 0.6650155134930594
0.3515274027226133 0.5725058699351245 0.04307241580458243
0.7087364442811886 0.9945773997653242 0.0996493084791813
0.08360083793799955 0.22868749985688552 0.11070640878048366
0.16794382842581013 0.8496611873516614 0.622892159676257
0.9830442318525119 0.6954298014930381 0.49891469200895733
0.24964604090283837 0.7741011019358308 0.16585307514404268
0.9093991204185032 0.3361296670639 0.19656378280919173
0.3299613679325276 0.48116023382740103 0.36370136441605017
0.5081687914658366 0.9716063737892731 0.14933385882676775
0.22998073413969333 0.1033177852321907 0.33059114199253836
0.6759476140664179 0.8176134108483711 0.3261145155197257
0.020188716104007853 0.013785415711644045 0.22906993496791606
0.9935077956406052 0.9104947081610674 0.7868185962967386
0.16930866687512292 0.8518906782348505 0.8164978781749509
0.48150605412430736 0.9492706651277661 0.3364906982632505
0.9966353559383992 0.293034753260606 0.623802751683479
0.6974930580665772 0.49527717620171474 0.04468713735991203
0.12691440322291714 0.7321506845184048 0.3838462817549778
0.0022241119903749773 0.9973829064469689 0.8039207291408085
0.9936513442809605 0.11513598011172199 0.6134476809420948
0.24264253718414952 0.12111480519416928 0.8796366517676677
0.4663024258968692 0.3129392260512245 0.8399010788075878
0.3465842175968481 0.9856966373072298 0.592926338133719
0.11875349956888848 0.24730439464624288 0.9966264697521715
0.6696658228921575 0.3873262772439169 0.3539625272918612
0.872077994468171 0.7744891444996556 0.548194076331104
0.9781337246083647 0.7251328649589052 0.21583639965008994
0.5893371954564413 0.029478421597728288 0.36336381703910114
0.6213758435630048 0.25008379540416237 0.3910573467835894
0.5393904321452683 0.43362527901581316 0.24298801393548863
0.3952464217178354 0.4709550198496115 0.1589734589496905
0.3083035458976302 0.5993106054776116 0.29581312388302006
0.6232233039745413 0.9294122880055967 0.9965790150284926
0.8912464501986719 0.011892137438473172 0.20114718495381623
0.7331103532248442 0.25761288571428986 0.19970176545099472
1.0 0.0 0.0
0.9908890226383535 0.6079017772560534 0.8680316521319584
0.7365925866749224 0.263494124540695 0.000829453689962012
0.9969521104112339 0.5712665688255031 0.6450164854878743
0.5680785593780809 0.1621128465095052 0.16498439620133953
0.6799993616263926 0.3562310374661949 0.9607155942803216
0.33593650632937455 0.32155659565749806 0.022933059912869203
0.8291207820605844 0.29726028514697744 0.4343105717567285
0.5268034868602596 0.1553250739427693 0.8801390270332058
0.6089056642071843 0.7879917736003761 0.17811455338301296
0.8379687177057545 0.14598261479776808 0.784042074363894
0.29108666168314157 0.29876968138424875 0.20422594161477858
0.5272845302258756 0.1290484444396771 0.3275767539777845
0.14144837417216904 0.5723724450033961 0.5765655145514426
0.7995786875212747 0.23039621436157753 0.9947681005954107
0.43806300739304094 0.7430047148585391 0.628022442868601
0.041941628387995755 0.2204262724948033 0.5178047918038409
0.6757843386787776 0.007756970801843344 0.8352625300989694
0.478885410318058 0.3269184049848852 0.4449986509593551
0.966645817912589 0.5269116320309088 0.14572272545618392
0.3785069461233188 0.23782992969582328 0.4644876258800823
0.8167847586682038 0.12064805515268517 0.01096539863649082
0.0013221268192477043 0.8963381876121338 0.5609206558509604
0.7285128721291068 0.946191789782153 0.34013577624582825
0.7281463112654629 0.5607674763046839 0.8273137267245376
0.6227388272932913 0.6128937134630116 0.3881387070463538
0.44507949972650285 0.5563358546150821 0.8746597614633371
0.17029135607584722 0.35095581960129385 0.7173432075667169
0.2918904256148348 0.989878742530606 0.8242033146154555
0.6399671060550578 0.7904248151349434 0.5161736723732744
0.6354647716894745 0.253713277192393 0.6553995596177171
0.13047647675427787 0.7767930941078325 0.9958642110321273
0.3609317308438871 0.8145338614187522 0.8020349800969505
0.8503901547999062 0.9899303582164743 0.6516547345866994
0.8724819059127921 0.7578305937019021 0.897658682620964
0.40112703855812337 0.4509070839087722 0.7030297797950054
0.1551904631583373 0.17391792906538328 0.5833509457770923
0.10429502896436571 0.413541511109209 0.9978874232270933
0.48080199540810475 0.6457220332812857 0.5383111925551469
0.24340850104623402 0.6980402524394846 0.8763967963096317
1.0 1.0 0.0
0.9498018425628083 0.4224778563416616 0.10038930539798996
0.657917286101433 0.3585701021058155 0.2026129569232411
0.08821534780767093 0.21988655738209584 0.2713482607212865
0.018026244172015704 0.3815375214982504 0.5191346496358704
0.7659189241492006 0.8173380860715629 0.8296549809414973
0.3897555135972287 0.09896705048237353 0.21041973295744698
0.18509112089673374 0.014845590247305473 0.0031453452610989974
0.3125103775967103 0.44303117006443393 0.491834707244312
0.16471896476223957 0.01223393149780927 0.9944432288529957
0.930802488166818 0.07223983324520233 0.4207172803132049
0.00855865757856078 0.44667688603506384 0.8929281167081472
0.5992685313094465 0.5634390524149546 0.8583977031872752
0.26699650923526663 0.586479444240669 0.5133843471767587
0.18046457379533853 0.4945858653997155 0.03208413467106197
0.7403426979861414 0.10745099052032892 0.19687844188613102
0.08718218616076068 0.11647190463249801 0.7573544084278472
0.20414121344746117 0.895752327462727 0.0038145384265168003
0.14500945037648771 0.7269332071777259 0.6328051019468515
0.31656601597105105 0.9130965802796763 0.12116404133527758
0.01323570999850443 0.6692701761008499 0.9975361688295822
0.4031743530335462 0.16940948389098975 0.05952292238181944
0.14840851080047368 0.9383539409611289 0.7326448851313805
0.0005800743228463467 0.48473418921863565 0.7145245412852039
0.058299294451493844 0.0017435746643373884 0.5463454693585076
0.697873670903427 0.6915987827214818 0.14166627704818946
0.02432143098226347 0.8491402958273832 0.2424486634607994
0.03486601822692481 0.9938193241120622 0.36567506660302596
0.48631931278934637 0.5557013035505657 0.0010073999415075585
0.8593304638256998 0.5701817140679972 0.26435331683349617
0.30671685701430407 0.18694125609144974 0.9564587855298156
0.8250423300451385 0.38158243610446796 0.6033050850107482
0.13844931859874465 0.4381820788458888 0.31997313668307703
0.18909822110348917 0.33418159074625986 0.27994704659793
0.1325835867494689 0.6955339854136073 0.07840536729773273
0.765334869201737 0.0031778846343969436 0.11702402090031983
0.3870647302406256 0.829956982183575 0.9712751803913312
0.012291686675003355 0.5177804640130577 0.10105710884921715
0.444131605566656 0.40674948583427695 0.012190434897467961
0.62420194135776 0.2123775611971992 0.8121617767455003
0.4242379848332334 0.28117790724757274 0.649736011944202
0.8928193428897363 0.4484896827240763 0.9956710125977657
0.006983509931089649 0.10280938241600313 0.0894822811078585
0.7827784100011513 0.6338673144646237 0.6878851870615115
0.8774737255505686 0.9547678342458363 0.9825056093525067
0.7530603186335133 0.37154068620323444 0.8373644557228137
0.6232287286519792 0.44679830985115876 0.8110818246942738
0.515509073535621 0.5179502119718791 0.5156804775624799
0.9786260429558513 0.8388221069595331 0.632830484001462
0.3771619447952097 0.734962449552261 0.10068622345566736
0.6307499656242835 0.3921202336149242 0.0030302888316874332
0.4735243730313381 0.08909659586913932 0.6604028395397045
0.9490714491706073 0.15738569954648374 0.33277463338783986
0.591991080928088 0.7357553372360719 0.814646964463753
0.5882560855752413 0.2323582551468325 0.2522698748753671
0.16641976933347746 0.9948335500544446 0.9885577905122999
0.3654280517852586 0.7036748598919343 0.733305120549636
0.6642478125692081 0.5785918872699781 0.1910047221430996
0.4882102113272411 0.8657210742063153 0.829239549664717
0.6283412990774412 0.14449017903180073 0.418608840284443
0.19328926383632505 0.3862673660383805 0.0029276591917607453
0.31697121927262195 0.555743821314972 0.9501251869625679
0.54808623787477 0.5302268209902604 0.1924257999254444
0.7470708902306525 0.19519617145204649 0.6256096631205648
0.00862475380471961 0.7230095864573715 0.266965505825683
0.13463880413470997 0.3817755844099021 0.16617581706903328
0.7381370770502363 0.11861147038831332 0.5245699899806602
0.029290254631915924 0.5236090282340692 0.3356143404313765
0.010007321439267636 0.17181977631533762 0.9940948626229811
0.2576568179272525 0.0028480836753891348 0.7220821887285258
0.7201217107157015 0.9058263661321421 0.559228992678722
0.044226530301251565 0.9928865514242863 0.11699786364908771
0.014325765656525546 0.38080626171736653 0.3139911685673822
0.2306609131047186 0.9117268469403447 0.47135297458297987
0.6950880324250356 0.11362915654343408 0.9531921234445924
0.5458060995697479 0.872293690936652 0.695379736295597
0.4892309287868657 0.7343577822843401 0.21205789880529813
0.6727101211646795 0.8301343346016405 0.060196493787735394
0.26749835654047194 0.902621530975564 0.9456825601337788
0.7338139128980896 0.1064926702403971 0.6986068575528825
0.2279261981676194 0.5858599456886348 0.8520150870764186
0.9246368863442728 0.07823463106827688 0.9931670035452409
0.38358683783577263 0.00140197550064447 0.27656546944846916
0.890605604095349 0.8919915044869509 0.43953435384192685
0.8759779470669526 0.8206737662773864 0.15806452155237072
0.9965023439773368 0.34446639905820065 0.7794128532606739
0.5295996524138364 0.2570052285767209 0.975086801278015
0.7075125548336204 0.920892517131446 0.0004070210584067313
0.8989395559436769 0.535658113717803 0.8927492660034604
0.927916402254948 0.6065390430409341 0.9887503792112026
0.3457412013916742 0.9987857927428102 0.35087732010250083
0.9965428459487383 0.24908120237129905 0.07485075787450857
0.402999345555503 0.3091192829669842 0.2838126551374508
0.9878403136477703 0.6116014165235588 0.012510931540782977
0.1906109509332813 0.7894039245525896 0.05270661866479609
0.4953664550046809 0.6103386284565847 0.250581812019423
0.7327552110397183 0.27536317457907444 0.8887908010246024
0.7940500569192163 0.4567203243025104 0.28010435417367396
0.5695676058487038 0.5510724510580816 0.7208003768291323
0.08160753886013827 0.6818119686462314 0.8683207265346318
0.5676398198157138 0.9992916755804329 0.3997635180517958
0.0813839370665489 0.059011415288963254 0.9234271499781301
0.9922576478043849 0.42803268729743416 0.39295769016197835
0.004822407663429007 0.7280394242168582 0.4872696795436371
0.5355181403621273 0.7413751052457278 0.37562106140428464
0.02250752849156179 0.39504040811760166 0.6574189540104403
0.7873804010398997 0.8182997083604017 0.6416579000196309
0.26572009816096454 0.03689146086816841 0.14427907116739158
0.023581050841032347 0.34827522608941863 0.11134739290460216
0.8875102704452948 0.6642387887864132 0.27566448629819484
0.08990213299493122 0.5726963311265624 0.6813512553062442
0.1485148451836994 0.030665044942433384 0.36039946160655467
0.42497374289873224 0.0785801282308436 0.007704237878073061
0.8399139141912878 0.478569145301711 0.7120312871752943
0.8493504407921887 0.3188459654435609 0.004466080050905208
0.8307128127767436 0.427716100054521 0.005318432216689484
0.5626132702706379 0.12918830618889043 0.7228520553287588
0.75247988039432 0.6102652309390632 0.44896744686456047
0.5104768235043435 0.8542424333262321 0.430048333912215
0.8190274970491273 0.9143321618914525 0.8771605708663146
0.4025452155726311 0.8560225887614222 0.6926574942528854
0.4809582918947225 0.8832600862384001 0.19843737035803577
0.900216320754179 0.6279475932036038 0.6372445573248546
0.5984087914150977 0.9691488908102863 0.5450812949571023
0.5613171861490185 0.38773401526254614 0.5848628906591176
0.6200264841563952 0.3355378537182333 0.45957951937327846
0.7515123451851525 0.7264244004549528 0.007089444296668246
0.9878004499096023 0.7765524406447566 0.3557762341160786
0.11092524709446161 0.578548415872324 0.4223423658678822
0.9391893010179674 0.9233376488111693 0.2774437797435113
0.41217711575724736 0.9948165636276288 0.6978380276536778
0.1283723808874474 0.30231449215317285 0.5010007018179055
0.9858520087551184 0.6969837382650031 0.8080744317487473
0.8737540120978653 0.03361687529833102 0.6546047297001094
0.9611393831690662 0.01786531921410861 0.876762486917766
0.006692894609005129 0.5864702168895681 0.9361962292175566
0.49257136989819894 0.20486148957663597 0.5825042506898722
0.45050301317213404 0.8733012572082501 0.0015445560545089831
0.30026890741854684 0.012121059819811042 0.5186042735271869
0.2798004733449653 0.3854112638317134 0.1318259194642274
0.27358095116688663 0.7482671716482977 0.34305627407116424
