0
0
0
5
5
1
1
2
2
2
20
2
20
20
20
20
20
20
10
20
10
10
10
10
10
10
10
10
10
10
6
10
6
6
6
6
6
6
6
6
6
6
6
6
13
13
13
13
13
13
13
13
13
13
13
13
13
13
3
3
3
3
3
3
3
3
3
3
3
3
3
3
3
12
12
12
12
12
12
12
12
12
12
12
19
12
19
19
19
19
19
19
8
19
8
8
8
8
8
8
8
14
14
14
14
14
14
14
14
14
14
21
21
21
21
21
21
21
21
1
1
1
1
2
2
2
5
5
5
1
1
1
1
1
1
1
15
1
15
15
15
15
15
15
15
15
15
15
15
15
7
15
7
7
7
7
7
7
18
7
18
18
18
18
18
18
18
11
11
11
11
11
11
11
11
11
11
11
11
4
4
4
4
4
4
4
4
4
4
4
4
4
4
17
17
17
17
17
17
17
17
17
17
17
17
9
9
9
9
9
9
9
9
9
9
9
9
9
16
9
16
16
16
16
16
16
16
16
16
16
16
16
16
0
0
0
0
0
0
0
