0
0
0
5
5
1
1
2
2
2
20
2
20
20
20
20
20
20
10
20
10
10
10
10
10
10
27
10
27
27
27
27
27
27
6
27
6
6
6
6
6
6
6
6
13
13
13
13
13
13
13
13
13
13
28
28
28
28
28
28
28
3
3
3
3
3
3
3
3
3
3
26
26
26
26
26
26
12
12
12
12
12
12
12
19
12
19
19
19
19
19
19
8
19
8
8
31
8
31
31
31
31
31
14
14
14
14
14
14
14
14
21
21
21
21
21
21
33
33
33
33
1
1
2
2
2
5
5
5
1
34
1
34
34
22
34
22
22
22
22
15
22
15
15
15
15
15
15
30
15
30
30
7
30
7
7
7
7
18
7
18
18
18
18
18
18
18
11
11
11
11
11
11
11
11
29
29
29
29
29
29
29
29
4
4
4
4
4
4
4
25
25
25
25
25
25
25
17
17
17
17
23
23
23
23
23
23
23
9
9
9
9
9
9
9
9
32
9
32
32
32
32
32
16
16
16
16
16
16
16
24
24
24
24
24
24
24
0
0
0
