0.0 1.0 0.0
1.0 0.0 1.0
0.0 0.5 1.0
1.0 0.5 0.0
0.5 0.75 0.5
0.7197339107150645 0.01581643640859265 0.23652063601672868
0.15772717010149107 0.05199462014919676 0.6383190885054373
0.04133778511664665 0.5056026040877486 0.10469467841023916
0.8386521802705478 0.5137679094064733 0.9701083361178368
0.14495009064940456 0.9908517622293663 0.9389534421346478
1.0 1.0 0.0
0.44595403207306805 0.2539177164333638 0.9802855158917377
0.548820824417071 0.3981372402269887 0.21750553707513365
0.0 1.0 0.5
0.6306815102362692 0.7456469286884827 0.020643577181370443
0.12207431439288319 0.44882559761356766 0.5532726092618904
0.9703966788973805 0.23102047726921282 0.5719067517933429
0.962250034819508 0.7172773599880456 0.5553950867540989
0.5996354782597774 0.9202997259141692 0.8996570487545983
0.0 0.0 1.0
0.6481248499864074 0.04441598515597345 0.7120024872976075
0.3894083626166096 0.6426948773133181 0.9818403435333508
0.5906994920662296 0.3983893876940322 0.6279033781864055
0.38461817210484606 0.9971742070056628 0.2233655050781297
0.22966186230563124 0.19376964217601933 0.2765328754818476
0.8148638145616848 0.9701214792321521 0.3708320290570243
0.06271803362302986 0.7385156354952785 0.6747075782600346
0.9460825623355925 0.18270533340626427 0.0037804452939365074
0.15375382272684357 0.7264308290252729 0.28838511485772833
0.8033188687287695 0.6061223211747342 0.26721027805374387
0.4996792446881614 0.11303493275886778 0.021588242265828117
0.06323251803154861 0.2504312921981501 0.9229264829407802
0.6715917911460741 0.6748545025701245 0.7684265784743578
0.3815528172111118 0.974653497767923 0.6364572480082018
0.8512937176403356 0.229955800198422 0.9857009017203856
0.5 0.0 1.0
0.34906295259835984 0.6013091192511026 0.019606480982256147
0.9480913831872269 0.7448609043327824 0.9063529057347811
0.4245071263487401 0.2009848511329405 0.517464030140918
0.27619804125698266 0.4319932148475455 0.8615020835914565
0.6984071770380715 0.9871047219496623 0.026659409855748994
1.0 0.0 0.5
0.9113707370867774 0.3680773587132039 0.2860051126708051
0.23629996740078374 0.3058585315086778 0.010210969739774867
0.02915977051521068 0.7562217970223757 0.9817458264536608
0.9695814021971499 0.7431745310868443 0.0005040701654727142
0.037561912889836124 0.0009274829683308949 0.3763250045470279
0.8512323071189428 0.9866249696052083 0.6970009028232134
0.28362995962990545 0.5068283664235238 0.3166628864849136
0.2725268196739108 0.8362736418786479 0.026890948972093875
0.9011151633763193 0.4702770306066092 0.652810571054318
0.6737223294562882 0.220928167597377 0.354252231872521
0.5092350697770531 0.6523461236432949 0.24208280601552923
0.37363711090303897 0.00043994847193562503 0.34637968918962125
0.40420100558607697 0.5602697893760462 0.6617429740142142
0.08197346905173919 0.9411305632541589 0.24975197525215442
0.7108500742278198 0.28193159376917176 0.04829369802191563
0.6781653629348688 0.5258592882528303 0.010256398023424818
0.1322096312436003 0.2610967138391189 0.666902677214522
0.5372285782633165 0.46152792947349985 0.9149284244862068
0.2507903541865817 0.061426477398535795 0.9123395656765054
0.04829118253039244 0.7053052806759501 0.03554857231372066
0.9247874881896345 0.14914883488997488 0.29768379812276013
0.3680776584976685 0.7673165941876 0.7613335130256923
0.02557826470173663 0.3730904693877548 0.30316603041276213
0.9779647561803362 0.8185166173060289 0.2854447451571681
0.7136601394592113 0.7986955004626718 0.26188710054736797
0.7400206977053183 0.051399846797107185 0.9908309688554817
0.5792258272573882 0.9980653215273129 0.4798843461518222
0.7222356589852789 0.5679257860061137 0.5249680192366701
0.23760721303488463 0.8527528448643344 0.4672215137693656
0.10227541257197903 0.9285674742354643 0.7238310323189153
0.00458635432532617 0.6440125029450633 0.462561248098014
0.011922125698077823 0.19430562235826665 0.09566182597176998
0.25728051862797374 0.04792887527094647 0.08615766976573114
0.90017241293126 0.09405202388525125 0.7814140022162699
0.6667112067034201 0.2653233342880753 0.8117584001657852
0.1282046846314171 0.6037878341136226 0.8376659111188062
0.404681302479568 0.13103272698114476 0.7449785922896232
0.37308347407346976 0.8527214805456557 0.9958957272586668
1.0 0.0 0.0
0.9825160306817127 0.5577320431764842 0.4105749825006665
0.7323187407706686 0.7959841886606853 0.5806944110681672
0.9985253078693475 0.3768498366521643 0.9464263672676201
0.012482805269422581 0.2100689430738789 0.44632652544105544
0.4961072441892128 0.5312469197103697 0.43715801425956646
1.0 1.0 0.5
0.25855772246091213 0.3368224676876729 0.4203897700150442
0.5999897421335474 0.7404663753633025 0.9913277007778618
0.6113017192974552 0.05002802094550951 0.45151989669518655
0.28117988329990473 0.6778312203620485 0.48714110495677965
0.7806797251114369 0.31866279300571865 0.547035552394196
0.3677024400189155 0.3127485395146258 0.700142167298702
0.8036685933819879 0.9329960397791743 0.9983133590863559
0.4274778707173492 0.0006228783143623629 0.567309030086697
0.4623661545129978 0.2174108605210222 0.2256683416677122
0.37972965147952686 0.7902839311265261 0.3041818744933348
0.46905571966874005 0.9309205109423562 0.0022548642537782992
0.02257365414714907 0.42978351255764013 0.8066339284318155
0.9972184450682574 0.862765009862557 0.7179573228062004
0.6307658494001513 0.9647596344486046 0.25458740627215715
0.7846411144115933 0.01910871807152026 0.013755075834801622
0.0071713844428275 0.8206838359062629 0.4590156370473504
0.4847675744209612 0.30133099923072904 0.010089028489954521
0.20371667179221764 0.3842231816931604 0.18453256779937244
0.5397578520835091 0.33607461083728885 0.425982560203089
0.6241276439753746 0.21393468334689336 0.6099252413923076
0.7914629458305833 0.8425779059426007 0.0647809956800518
0.03168013329775987 0.13771376698468496 0.7850799784090299
0.8332035777566413 0.41685319107577445 0.05038762495157667
0.8063020707611126 0.11193963273950602 0.548227729907774
0.9900708755304257 0.6226974627252434 0.19649459767440947
0.9843219466908406 0.612133811116898 0.7526114006908382
0.3502654065515919 0.9829851771257043 0.8438540097943152
0.7235446066865453 0.5064573376117993 0.7456429376159852
0.7676662975515935 0.8083662164360395 0.8437920048669154
0.23467313890183406 0.09502488208310134 0.4538200581895724
0.07732342054294661 0.5386112323882524 0.27851505094388174
0.7315137648820512 0.42371725075669986 0.36394701614342884
0.5283712234160239 0.8685540778513594 0.6856385350806742
0.07692351447897006 0.04918097485761619 0.1986396449964838
0.012691412680926772 0.3484818638733226 0.018429219487649084
0.3932189608326 0.4466843135210471 0.09077602949456087
0.8388800533731801 0.34160020619571707 0.7397273334904966
0.2208622398637704 0.8542199745263586 0.8572117153247625
0.6507751670627521 0.6759944980960618 0.40150251173143314
0.5245959821128062 0.004478926594507215 0.1956618821287377
0.013812882940408278 0.8656220443679469 0.10112429392840472
0.9864663580185361 0.6013741517777623 0.9805176984922745
0.7879049372466286 0.6680663575377059 0.9456514849540042
0.1728886408065251 0.5926678410355937 0.6596653910908026
0.9863481201721953 0.38654488107539875 0.48343540990040823
0.33463219122625565 0.9951372948911599 0.4493613944252931
0.8080198020841505 0.6705805953738487 0.03746035016892402
0.8372235434399378 0.7573669722806781 0.40631052352108743
0.42122814402655984 0.7389956571375154 0.09917194040522226
0.9962085198407019 0.9670570503387435 0.26049024650671027
0.7059844398875285 0.37193343571824033 0.9570345935902608
0.3779858737249875 0.433223399611401 0.5340971467613853
0.2488370220613384 0.5279536205651433 0.9981812260997668
0.9790737727766946 0.2517626106180927 0.8128852342557312
0.9095711035191008 0.0005063476249382859 0.2350244911380176
0.9797675252499386 0.34843528785281364 0.0995133827845035
0.6299849064846883 0.1372251698792495 0.16585293807356705
0.5859492337961871 0.13093670860697815 0.9870504215647802
0.505194724033078 0.610524350396785 0.814034081970933
0.6459686059302807 0.997614078364478 0.7103136501840573
0.23281876852174466 0.5679223342209533 0.15793946585606577
0.9314819612522444 0.8691460027882937 0.4665254992006398
0.2629995011331666 0.2262827819437554 0.9345512142037906
0.2674969863069552 0.9938967763776009 0.03223176847707365
0.3391953519172203 0.17979054747996082 0.10002965058920343
0.8634975118604986 0.6107741645005872 0.6158929392522112
0.5215586984245599 0.5792228569723891 0.07208955323043298
0.2111935425494561 0.39947062945590706 0.6999523250847893
0.15706395672181717 0.36932248883642727 0.9874260579225187
0.6060105285357799 0.8574588400636786 0.4113920582318987
0.5773752025833147 0.8534720712916016 0.13700132535789278
0.6082619252416781 0.5967003520116976 0.9696674735886611
0.22890234181857794 0.7209396158439645 0.9465745439156765
0.25088340902806183 0.8472682566768879 0.6579854661270166
0.850810320126044 0.2533716187846127 0.16286364524775954
0.03434184148077235 0.21005679409508593 0.2836682958190212
0.48843251809213784 0.0038671628046210715 0.7876993426757308
0.8593027214523213 0.9963685963589962 0.1286000962970837
0.011911877561401663 0.8725929041294732 0.8841144601474296
0.639062534464314 0.5394550985363266 0.20700354542618282
0.0016247351789273612 0.3680304193821029 0.6493689607753866
0.5627091589486006 0.6411004618826058 0.6357978218968918
0.3295482681751233 0.5646495384960548 0.8400306299093508
0.3642865054774097 0.3135555344949911 0.143487028141699
0.0067824837680359185 0.7180233637035291 0.8284368124549264
0.9948530104814409 0.47579741686006705 0.21116276781354448
0.9988748987825766 0.14128791670351448 0.9556174469335633
0.5 1.0 1.0
0.8091795595664977 0.025220633700172468 0.39872163903947555
0.19747075547165716 0.9695512885332902 0.5823266368078558
0.2442166437722585 0.8701352901890719 0.19714869924372536
0.6001103511614166 0.40125533479294806 0.007441478502124954
0.45143882962321524 0.88824150030969 0.49257419991936224
0.3747978390842833 0.13801018650441454 0.3621286423507557
0.2500168843583619 0.7139306094955231 0.12930605481532786
0.17780994991314247 0.4393161807490279 0.014409817194390606
0.4627765172760284 0.43545921446610114 0.739024796618518
0.22595724691660202 0.1533041689604262 0.7633310656554588
0.7292427652995744 0.9400204964064328 0.5405539196749614
0.8609773640551465 0.2504500495431945 0.4174196587296298
0.39486748007755545 0.39315747725755223 0.9947265656735751
0.7810409454193686 0.17333048314706345 0.7106146630664004
0.2034546504212048 0.5520265632143414 0.468815361101371
0.5142581638739556 0.31811454334251243 0.8203398006470748
0.9856852454027637 0.8653191468322857 0.10019313792644591
0.7133275646984578 0.3485450395554973 0.2117440145570676
0.949667617358785 0.8646836969451018 0.9875953438675126
0.04551736126418615 0.07774053718068397 0.5084548466524617
0.5512122189937304 0.7944132099062745 0.8308552686027074
0.8506120338837727 0.7033077707772089 0.7614018330346548
0.3779083440979979 0.378637810477203 0.2964005900459419
0.3101866597513606 0.6461153619342906 0.2785660115388694
0.23313305668116424 0.6956967122208778 0.729010589416987
